"TPC" "TPCA" "eP1" "eP2" "eP3" "eP4" "eP5" "eP6" "eC1" "eC2" "eC3" "eC4" "eC5" "eC6" "eA1" "eA2" "eA3" "eA4" "eA5" "eA6"
0.35604323 0.47588299 202.706027353334 349.267330645379 249.179372094972 270.013683126884 47.5745666534359 215.238603182237 0 0.0567151007376637 0.259479672744206 0.370417673272917 9.42572629633561 0.179565991170713 175.063603918503 108.370692018018 255.676387262226 77.5823794861742 61.7779735213784 268.843622967105
0.33564401 0.51702759 10.0149250616991 10.3734207625397 2.67906083104046 2.84089593550775 1.02920664548516 1.21146825624694 8.03414329839572 6.13220053289476 6.56328655928363 9.40989828710108 7.2187542733048 7.23423311116651 12.9540897623527 8.08260582822672 4.69737405363287 14.1813139998543 2.74028342312583 7.67712487749518
0.22049128 0.39675615 0.0742630365488129 0.133408333187703 0.708081813188927 0.868518131192743 0.123502457384161 0.0438338784778462 0.961541340240309 0 0.398434359638437 0 1.39561000839235 0.61820347930529 4.68726536825489 2.808512177299 7.76265257968172 1.13046271977524 5.17392955093008 5.17041298060114
0.411793825 0.421165745 7.31558323879758 51.7964645253518 0.128897887424397 66.2348750320627 5.90877729868783 2.04359725415363 0 0.0249797650028426 0 0.0656479550249792 5.33780545366733 0.678943389984752 7.29160415458714 39.4692633039968 0.0199824341845884 51.6888229516338 6.65269165196948 0.498249166949983
0.417128845 0.728594815 0.0314069652056205 0 0.127279734581433 0 37.3274749463355 10.6779140942421 0.344542320640906 0 0.249738043993156 0.144845598466538 6.85614220210208 247.895262014703 0.0540451139649625 0 0.340302627209976 0.112690236702557 20.9548584398704 1.69878203011105
0.409322295 0.560305315 109.273604182376 0.891777695159669 3.98575893736743 0.272842038052886 22.1820640029924 29.2846453709708 0 0 0 0 9.94977109839148 0.090173290291348 460.765683175144 0 7.84275380639216 0 1.12407900172947 5.84409273601819
0.427814995 0.512206855 15.1511534850521 16.1978927473409 65.8733045468517 15.5939497217067 12.9824251849886 18.1914776037874 1.26158906796569 2.24802935727495 3.45076185095468 3.35827364529621 27.0290594429996 5.80141909862779 20.3597984220581 18.4177386987502 145.667612365694 20.9197297614587 29.4443944783194 25.7862854222114
0.3823046 0.47224373 79.0054321276008 146.20404883387 25.8611312586557 143.395935782832 53.1339050105294 144.167128498423 0 0 0 0 68.8934469103578 9.65699515016997 220.423006793574 324.09804315462 98.4920198222309 505.628042460227 111.811213636896 568.042425865585
0.135282905 0.242415365 216.296932542508 368.298636749363 143.282475457797 465.524017873457 103.391534205677 127.283298191596 1.44090302930529 1.5202702257453 0.326199442536942 2.94133283494924 2.20706974597403 1.15405617403367 320.101710791085 322.483989796411 44.7535026684885 194.220816469182 110.09280582037 185.551720323503
0.165081805 0.296524055 48.7161689521718 46.6438025338423 3.37176919614081 16.346981103775 1.14771213762118 12.4481058530526 17.1031437169129 6.05661161466704 1.5213174901487 3.05227063841086 0.204230513265081 0 1302.0867475532 1710.22588606468 6.91000763203247 3021.70771908446 167.369042825579 589.849580659472
0.341841595 0.528446325 6.73667658888025 8.03506737930806 24.1244156460427 8.44068209902436 4.11386263410397 3.1516913245727 0.159553557823363 0 0 0 20.5927824063759 3.4948072762535 17.8233627349099 16.341550201228 28.782937398229 20.0733594134291 6.55270614987541 3.15795607270734
0.23695846 0.3415119 457.400744692419 463.424057024813 734.800322749117 756.604858638521 326.426100071069 276.614075867488 0.0657498719499278 0.116163668327638 0 0 75.788126582667 18.7790085600662 724.166207048646 306.217509828681 1281.96434161461 109.390802416564 328.740121719714 363.064424958483
0.30382017 0.56864197 12.6715966034453 11.9535312964857 2.37458786771098 17.274232214841 1.25837268302315 4.6651649699949 9.64945819819826 20.2335997757453 0.464449332269397 8.14228890829665 0.829997817973152 0.121065073516951 34.9670889876218 25.2213602886243 1.96237912227406 13.7862776617854 10.4450836004163 3.44164208683501
0.352137485 0.454106865 37.6278379650069 0.0898990976638538 0.661862364708121 0.567488073228292 0.951795287477483 2.88108098567547 84.6275958118086 0 2.18679780511012 0 0 0 516.740939454638 8.49468007968949 5.53646786819552 9.85224576267997 1.25303914397972 3.71279714556908
0.438390865 0.798125545 4.5838763635616 1.59214828610922 0 1.71252854235076 13.3920884226917 313.384879684169 0.416857636776912 0 0 0.09839842158279 10.6481342433208 270.801577289896 38.2594690981301 18.2249713907222 0.202923589972784 8.12120419678769 8.44399301875644 613.859170466561
0.42922952 0.6880884 15.6751751363381 20.0113840098719 0.79580320710033 19.7508573363871 4.6922931605406 1.95464018865282 0.8006418437711 1.30194648427505 8.0944411522511 1.55458207890619 4.4836209676994 0.705003961888591 52.1753270787683 10.8410911816946 0.597200064851896 7.0988257306116 1.48898693790628 3.81875735019512
0.40184572 0.74224162 0.189158368471088 0 0 0.250629482517101 26.5090484248452 10.8592470447127 0.229998590953709 0 0 0.124859324072563 43.9667338010623 16.0165007298929 3.72204936192915 11.8898327105595 5.7281560116298 14.5666325934421 94.8185436323329 23.904615290324
0.48990495 0.79075267 0 0 0 0 29.8048418603865 2.48569197238273 0.134830407818494 0 0 0 18.1417974403972 5.55893539346117 0.188040786011872 0.0996883211225222 0 0 14.8671097749617 2.53855013219102
0.40339116 0.74646047 0.201328842990309 0.178638108956181 0.11279011540126 0.0522540583260206 38.7704770095108 17.4368139660965 0.218938385463294 0.0563902989529972 0 0.10534382086863 100.512127803663 42.0568292573566 0.810234399528974 0 0.0627666471663291 0.0365358548779472 51.6118418822027 9.33366651008267
0.503886805 0.863621485 4.5838763635616 1.59214828610922 0 1.71252854235076 13.3920884226917 313.384879684169 0.652619954236584 0 0.063560422278265 0.0250483843796094 8.86949775862691 141.384981023956 38.2594690981301 18.2249713907222 0.202923589972784 8.12120419678769 8.44399301875644 613.859170466561
0.51048396 0.76162024 12.2291098906924 22.2640091192379 2.76760088048737 11.9092832220001 1.21022934498803 0.963145488321047 25.0251736773642 17.4126378803995 11.4138948414075 11.5591366673683 6.25004165035639 6.49703453318594 260.531753560756 121.777818490783 5.69294769047854 32.3654628008943 6.52743937021947 29.4342646282415
0.30335764 0.48996237 6.73667658888025 8.03506737930806 24.1244156460427 8.44068209902436 4.11386263410397 3.1516913245727 0 0 0.545856163501956 0 6.08722287327463 1.02759949747295 17.8233627349099 16.341550201228 28.782937398229 20.0733594134291 6.55270614987541 3.15795607270734
0.262321825 0.436504155 23.377017017582 25.606614988995 83.4684960015633 31.0483337212127 24.2561502127526 26.005751325947 2.64102395821484 0.187250300876984 12.4406544347107 1.1414170182269 15.4791215953704 1.15298594244573 21.4551749612511 37.2692602052317 120.518339959954 44.9149154918773 77.603867041322 33.0029076665622
0.37023041 0.5185461 25.4593951994113 16.252020654182 39.7780894781873 24.5926731463996 26.1750055349525 19.5958674236469 0 0 0 0 5.41812374096853 0.37618104723 79.2167872340009 51.9225237747212 73.7711420067768 37.7713324383759 45.7103443545564 39.1303036378426
0.29188571 0.31837678 120.549644624179 173.771582898031 342.333435401955 166.685205565588 169.070338152283 204.431048496546 0 0 1.73673649164686 0 22.2529393388183 1.59057117331614 188.77540003081 378.199779576963 265.863887102737 470.267690675952 141.662566402504 283.538047520056
0.26498288 0.60593556 0.38448086999454 0.358629177618191 0.298015348651096 0.649621877192407 5.12165950073886 0.708205660069564 0.163199216380902 0.433560959502892 0.300576322372143 0.80477147215715 13.4781756846889 2.31010551525717 0.237361588704032 1.56241685420392 3.50938949846537 1.85809187363078 43.3427252030703 6.31314107984792
0.249890745 0.499909765 27.8952013463978 7.58563300227185 0.764513269176836 16.5438513740438 0.871890225593561 0.248347327534247 3.12429585697946 0.288278594825784 0 60.6055899359889 0 0.139972073207234 102.39243374153 81.7623301009027 3.40238453238732 12.113609753746 3.74231187159526 1.00332091370382
0.300876955 0.507156865 4.10272488476606 2.11487657462802 25.3251880520522 3.54846789941325 7.56641288072094 13.369221939352 0 0 0 0 10.9871894987311 6.60897727429996 13.5767856510788 20.141158021622 29.2240218290321 23.1327540707633 16.0189691506235 10.476406606558
0.285005775 0.500217675 20.1514748280644 38.493050143121 102.100621805148 31.3471431354251 25.1477441065095 41.2796889038849 0 0 0 1.09584513868969 40.1987992842371 17.0824340838908 34.247494831543 37.8594980838609 115.899290369015 52.3034474775384 36.9560016683572 46.7718344720234
0.345211075 0.891311695 1.24774153980323 3.52334759724068 7.90737702216742 4.30511339527895 0.85900933544013 2.05804888147514 10.8966790351895 15.2544826469513 46.905189975729 16.7786155213607 5.32970250615847 3.92452041117345 7.9407990878644 17.636964384504 17.4303709147372 24.7286509046784 10.7414734310976 15.7363454107396
0.45175202 0.68253529 116.48536440788 169.718699270471 1.11294062821876 195.731234664973 13.5620601840518 21.9171579581718 0 0 0 0 14.0347913310496 94.6351243572816 82.126942761195 797.181524831313 0 259.656016968212 0 0
0.2911396 0.38522412 120.71710591569 52.7639518652309 3.27750695807356 46.0676559060868 1.56106629672431 10.3164448361071 0.078832965903167 0 0.165994518687219 0.0228108003274521 64.6377493602614 18.3873434164446 102.522622437845 18.066229733825 6.72936653142992 21.3397880478879 8.00774160982575 9.01290869776224
0.381827945 0.747652625 0.283952622075746 1.42093057951854 5.33381863829901 2.28935770776814 5.80671099561293 1.24335998704293 12.5922508980639 21.5846691761373 16.6982471716115 20.6075435978921 10.9741835500222 10.9956718819233 10.3912056353077 12.5284518560238 16.713861269531 26.541021898246 30.1609024323587 16.98379287749
0.33407688 0.61285106 44.278835823345 21.2164173786216 27.5936226845554 28.5253592489811 10.0250948855567 125.544061002979 45.7134014681778 49.4562405995905 1.67662473568121 38.0709957381406 14.3649324715576 3.93153934067093 139.662021286436 139.286781803355 74.9345683128341 81.4428716741351 62.5355074452295 42.2899396956478
0.340737655 0.452275175 4.3695262109279 4.56288998003962 13.666145816527 4.28985837972484 0.455224237633748 1.01604674255145 28.2184347768729 0.0269458191072284 0.691218411892653 0.0196521371860921 180.619827172924 2845.70675185619 5.84547336960832 7.6887400220997 24.0799506756788 6.54510157379384 3.19199167815821 1.79783242142276
0.189694205 0.397184085 93.9474510661979 32.5010958959142 180.669717249838 50.7345092016633 39.9125662024114 60.196291154805 0 2.30322360068888 0 1.69510216086965 70.1948970022286 16.4441007327212 191.066849913212 94.1371178537307 545.447487086549 71.2050933716788 91.2407511076366 159.253685342533
0.38259361 0.41134558 149.125760358664 75.1619875846113 345.229412026929 89.5518192230909 168.758090220609 127.771499218558 0 0.10978041264531 0 0.141959525854697 12.9631243844251 1.7311329653782 181.959289827658 132.213614802057 435.610179096663 114.888981966131 594.818605818032 321.206414948562
0.36986423 0.45780697 242.984378564983 295.7053553745 1806.03600324772 232.986903146448 621.481292372017 360.627982117517 0.0851955571141896 0 0 0.0929486416272957 55.5120575175294 17.5979772609637 229.19259943333 215.406973864013 1222.40035211003 204.730335867116 248.506160218437 223.570568558511
0.439057275 0.516579765 65.9937719195788 36.9335755436066 3.4677225371506 28.7053782980233 9.78364148367021 22.1038887766034 1.40835527732686 5.67438085734543 0 2.37930844410999 7.86270466373582 89.9526760348936 146.172752955098 211.34569350718 24.9032751236589 193.316367528474 53.8737053139154 153.960343986231
0.348957295 0.534540655 63.3645244085211 65.3980249474595 279.569863396089 61.7156672730895 63.4925018714475 55.9365341640664 0.039671338163251 0 0 0 29.0610037611759 4.89395695775118 50.9969552004696 70.8175204670001 487.833645330901 90.587674933405 87.7877197936676 70.0450027170903
0.40834279 0.52876538 28.6989601514947 17.0724116754662 22.4019354716161 17.0340618134903 23.839171552835 33.3554804347653 2.13482493183467 2.02591474317432 7.84137921631293 1.50378322089686 1.63482999062353 1.97628587490094 16.0390580378611 14.1651955822462 29.3689923472225 13.2599043321988 23.3487930214759 37.2762439427057
0.30333291 0.59384195 15.0853098855859 12.9182871884817 39.9787394591703 15.1011531569999 9.89722692500716 10.1452454682879 0 0.897336377051317 0.521226533545813 0.303527000906859 58.5687174817355 14.9759047982895 1.68700287197826 3.02864272372663 10.9602698260499 2.45152574973392 3.54785079017698 3.62941062774313
0.04667131 0.29720775 0.988736666470165 1.45414293272383 0.354543365927637 2.33162347598963 0.305644768227739 0.216538437387561 10.2647561249974 3.43811965069805 2.49841294077897 6.97129999217513 0.444362875234229 2.82196270732893 101.565738857308 43.5576245458788 7.41629608454587 11.1468194676559 29.2326120457823 25.7246673890433
0.074809845 0.319261375 101.038741408526 203.520285508853 168.297913304982 202.490556640176 96.5122044519583 250.810922548686 0 0.0169724634277386 0.035324204313419 0.0165735852516627 16.0930975502906 3.33443135449226 111.037290523992 136.885948298639 119.683396362803 226.970459410281 140.2827511311 246.743507913501
0.12920975 0.32870902 57.7644595325282 59.2292922083546 132.79607785706 66.3922854980761 61.7273365676575 54.9617224677467 0.159285342578786 0.153560147823165 0.675710939450824 0.194176727298008 11.9033209455441 1.14023328653017 48.9048871919323 70.693027300018 79.9216586545085 91.9559632659015 52.6457548410893 64.623999469246
0.0488863 0.25480355 7.93187399203723 16.1422113738219 11.1219487787972 12.4042746765292 27.4580240020888 18.0556281928247 0 0.193548596572041 2.51462340537267 0.159319949381731 0.809446999580322 0.203419787334468 12.8700983647467 18.5683758311778 34.967516416321 30.5310676457662 10.0568830321737 8.76556847487015
0.317572525 0.451640695 46.7630396186965 46.6664382787201 67.6820287066162 51.6369551538779 22.3662467239184 23.5933727096887 4.43807551938138 17.9194179135062 0.147657584444528 13.5059245189474 0.950524279421387 0 49.9447486255633 34.2283180923934 40.2801191137791 32.7720768657676 90.724277859197 99.6868388778143
0.23809235 0.32321206 21.1304748925415 25.1767466053959 41.5689496193159 24.4867623291304 40.0462676651903 32.0338491138738 0 0 0 0.252187707056031 10.4793313573857 0.946427628405008 31.5502397338617 31.6512856752819 49.8415506682781 29.1667793707711 38.2226007639311 52.9167553839664
0.12314042 0.19813549 128.229700571542 110.305193890169 5.04213902739404 85.8192082031788 4.32347851532006 14.3033904452767 0.32786252206987 0.461614112375028 0.840419691102029 1.37463233171726 13.3366268061294 0.783601650706632 262.508778431838 295.940905472774 14.095688692138 137.967747233976 5.47855242534625 30.4145180691305
0.282136735 0.463758135 17.2775547822269 15.8310509218971 32.1899894058668 21.3562587233398 14.2131242152335 5.73078905642955 0 1.7781423281574 0 1.76876034382479 29.824949551414 4.40569821726201 40.966044281501 44.4441282451171 68.8462148930916 53.2481257054821 27.0458788790756 10.0355683630209
0.23591455 0.3872826 213.869079296283 259.738941117843 33.4680323221665 227.548940101436 136.06232236204 426.540181141833 151.092772531517 123.320933604098 13.3641964314172 143.644321617203 27.9413622358062 152.396163577276 371.264691715176 556.332100029951 6.93887291301727 761.546274876291 550.370361163013 336.633339011097
0.296575455 0.422907485 23.3308021065515 13.0633095564839 121.052752465399 13.5095927892751 142.033252015503 60.5646417033469 0.119448920598915 0 0 0 37.5212168061346 11.6841505155732 34.8113749509236 19.0223171004845 187.281665514325 18.9285722983852 64.949024050707 47.502188759811
0.0381964 0.30325774 44.6220452477286 22.2317694147865 21.2899672208601 27.3298115760675 20.6602615673114 24.9660093275161 18.8752339066037 18.0835109430639 20.8569245465237 14.4163745900379 13.6057324810023 5.93075832989561 213.848674572019 75.9636936489363 37.1955909070522 73.7452550670317 33.0216395601979 39.4579668896553
0.33615246 0.54745016 50.8718796624325 19.0246238812309 21.6304635188921 31.4194539902662 21.9124531440866 30.9859311748056 2.61184073888744 20.0863718234668 0.951916248862558 11.1044078473107 75.90614294963 16.2353700224877 112.146343944124 140.209635889526 115.28450429826 178.305597610323 136.419486500549 153.435293264873
0.53324291 0.92165103 287.099902109202 561.635444762419 62.0007113727405 860.239560031345 13.7817092656795 61.2313687354787 0 0.125600170488251 0 0 0.253340475091308 2.36934367364391 64.0507268787024 175.473334638084 10.6135994743496 120.020660901752 15.0518012783526 17.6110578070631
0.369716365 0.501554335 2.113937201769 3.79420871452243 7.01817536159873 4.05903440612614 1.35631647306865 1.23614609273335 0.958097718234965 0.923386701946583 11.9901764200364 1.56857836060921 1.34211792960323 3.3254258920976 10.4571459664789 8.03292703033526 20.8306310838144 5.96700519680386 6.25116969638801 13.5868546568165
0.360457685 0.443836325 66.744356612288 47.6441043279001 146.879768916269 68.2467266773404 83.2262588338885 93.7118144093027 21.7189989270756 1.32169026156682 109.646450231112 0.517046021298969 12.6494710667516 1.24176648281358 100.678749629034 112.787137282979 499.833667462502 90.5510394223516 114.234411702645 117.625300199673
0.26366538 0.5031152 3.98275303955808 0.0745142016217597 0.631608555380824 0.18004055534147 0.862825944766057 1.07337225650437 0.978699516462603 0 0 0 0 0.139230387198823 64.6342303179825 0.193495987022233 5.49539897082229 0.0946760752882378 1.65052750772269 3.75957708646315
0.46493558 0.99634561 0 0.57899207350907 1.05576050871804 0.908917622893964 334.518423778902 45.468381939997 0 0 0 0 17.4213647924165 4.07213301506292 0.190098816306667 0.63501704384447 0 0.223470459672405 19.603798999711 3.30090790569412
0.265498595 0.517009305 5.68791820673976 3.58708759269775 26.1271567631436 4.57234704999049 9.36947894338246 2.19577285605141 0.114536071527997 0.856738973892056 3.80189328384468 0.937382253416762 31.8133773449023 4.80068221461593 7.4035644061994 8.21253739658052 44.1772323500219 10.3754984384618 32.3136569803343 12.0640465039112
0.4023238 0.62738212 1.71877111763763 0.0490065359219252 0 0.13666416641326 96.3175592221435 42.7593422200451 0 0 0.372217964939626 0 52.2027395580416 9.812748898282 1.03101695092224 0.614248531351024 1.67795056936613 0.807328513025106 278.435748419333 84.6125851622007
0.322426805 0.398845965 117.275694999569 94.1767922302749 295.709269987076 104.186762563244 185.557517992058 184.786939640986 304.039779005832 78.7485148618169 8.00637795864784 102.209960310483 27.8613338226156 106.621782605414 295.687581398238 560.454292222789 820.221242565732 507.07890276202 255.77404378578 378.540221593626
0.353077775 0.608815235 9.47294232628808 1.94714454922862 0.255220877270365 3.6291786856075 49.8905698226657 1457.4731714529 18.5332961582459 4.99634450139946 0.145902416347367 4.17967282067131 60.1522289498245 1655.22196102868 5.90187288810113 11.1740595326313 1.28137719112526 14.7364503594401 47.9877405607803 3217.94721684776
0.242628895 0.675466525 1.58746043574706 0.0846250437226252 0 0.235350577243591 416.439629983347 114.629412250686 1.7401583096259 0 1.31065993836635 0.0523548859414486 1065.5851748788 114.257718343424 1.54955587982004 0.990650565246217 2.36627775557514 2.2417435391192 336.946888172453 50.6710778528234
0.085833445 0.350319585 74.0724468774819 42.2672918168601 32.9483109873898 44.8950932583882 27.3276748245583 109.434010567112 0 0.136190874063903 0 0 45.8769463848109 26.1122042989276 342.695875743977 533.937601481528 501.314582470052 381.286576461955 578.48452890291 653.902616200907
0.19126248 0.35526188 0.383476268130942 2.08367313165655 0.235352623793706 2.12410393318493 0.261102246090495 0 0 0 1.97028381829345 0 0 0 2.95608076633591 9.64608084427332 0 9.2028393842908 0.501314846408054 0.0822545539593952
0.070432425 0.197248625 41.578263491786 4.61766771535521 18.9904493653678 3.78580034407026 156.284843182168 90.3129815771694 0 2.52826791758704 2.44258666752248 0.995373678598532 8.485437443105 0 52.7610558810042 13.0116565448012 11.1993926136395 16.6977767178202 341.025149511465 113.029004694494
0.33479169 0.6378229 121.763730148433 156.468960236822 67.1059202913861 86.9302382630913 20.2627544265875 74.6969640645396 0 0 0 0 83.0657907826944 27.8780249148023 79.7845784340552 131.730514398645 23.1806266840484 107.638508071126 31.2648606923844 40.6573653871613
0.12970724 0.29307649 28.0261398750952 30.417726112794 104.802464685455 25.1831842021808 9.34088401845381 10.1792476068955 0.0206205213315927 0.0958648893978287 0.0359625838939825 0.694951775383081 44.5502183223092 14.4758599747606 97.2832738154417 68.0656116943865 164.793698653615 56.2242327827983 63.8099342880377 39.1698737002644
0.36166922 0.5405732 0.738340175420559 0.212970721874597 0.485879687955775 0.182000074772655 282.664178775293 50.0092523675752 157.231875523285 73.5478778884685 44.4508742791474 75.0177394360568 62.7667518379437 76.3710122802865 2.03256096671266 3.76205904864131 2.01294104394633 3.05603932743788 245.741182425836 70.1909889680655
0.24538965 0.39028323 12.7241468924301 12.0975881674036 31.5679720798591 20.6816176942506 13.2145271261969 14.7101758273465 14.5101789928789 7.48923600911922 37.0584645553051 7.25968954007569 17.2805993831006 3.47715702929015 26.7899976482603 31.348089551346 103.501729968253 29.7049529912431 18.8847114427239 18.1305862535086
0.201318085 0.438206975 264.193572685414 241.29202533611 3.58439752039654 419.485723040224 250.945247795126 85.8008993901846 0.0712003438178034 0 0 0 275.692985408208 26.681178361236 232.857036588459 79.6555733018511 9.96405462541972 74.7724794538939 124.730721427858 122.336783770484
0.068251855 0.316493905 173.937157808234 207.087430262022 540.76739285681 231.403589138521 16.7563822339638 62.9486858459904 0 0 0 0 2.45131775525827 0.387921869373055 434.357308469055 231.012784980574 891.377671825012 192.098800942737 97.8469600021601 315.102696835129
0.270720355 0.332929545 1029.68945443822 1279.78633756226 1205.56744337618 1032.75856399933 1162.40506966365 901.734418744011 0 0 0 0.550095522986201 135.362497352584 32.5226379219481 1871.42149430964 2237.15627101783 3542.88456156265 1637.78302425612 1257.60336306939 1420.27263408216
0.12040874 0.14976557 111.05620769964 107.349076907569 296.815695222702 80.2150056797337 40.6916734925495 69.5593949324755 0.788547829011727 0 1.15738673770531 0 127.093551881197 46.4773142285 78.0720284518447 165.432894650047 175.982254125407 191.28978404986 38.7688765679412 63.8747537914525
0.29437017 0.5461492 13.0832804381864 10.5637361440171 16.5772674115392 12.3510658966402 10.141952257344 10.9553149935945 0.402996875491981 0.0951632278112617 0.0761213869153111 0.0890150784136328 104.087245116969 46.3428264835921 64.1520822123229 214.194805723452 64.8008054182415 339.206257867135 24.9797349681074 44.0745600923052
0.395050545 0.590393265 2.1583404652344 1.23152991043437 1.08089468759175 1.64343967859468 0.306260613692953 0.964681735336883 2.89205526645319 0 0 0 2.37249897460417 0 21.8370083583735 1.69264079908716 4.90628129168985 1.55093133755929 0.798054490332596 2.65461892337978
0.316688245 0.570529415 59.467239083833 34.4125495042449 133.01851778928 34.0451238180028 47.6287974490102 78.8696231476298 0.463668982344534 0.0628897302889196 0 0.0192133266333666 77.0121177574718 31.7252516682095 0.790682347804191 0 1.44035427772998 0 335.814954821685 53.5779265843613
0.357239445 0.467829105 21.9334762544878 35.6686151035911 14.3821001212115 38.1692112375671 53.0249334924174 26.34641659799 0.0564503014154744 0 0 0 70.2540148552776 16.2402884825623 50.3936558197638 68.9136884507022 59.0358491608553 89.2322877622017 27.3527930381631 35.9327933491654
0.292368535 0.417618905 20.536536700397 2.89204397609484 34.0983194727916 2.3715172311203 2.20139466950957 12.0310628909755 1.51518244444821 0.0513464920657949 0 0.256561958669971 365.060927385441 73.1570544308744 60.9953211355079 6.33966330697015 267.144601069779 4.39602332376558 17.78422795235 36.5207455333812
0.31829289 0.45961547 41.3085437342027 33.8762454645415 6.20033976810729 46.2619680512722 15.2989122589811 7.42870802063067 30.1517799617404 0.135674678116187 0 0.439983424569689 5.66344625818479 31.4584732857435 116.96292934746 104.263527469202 36.1881614701104 63.4455303380607 27.7106236794216 14.8555703207765
0.3430736 0.46131385 8.74954445373058 4.55682442762326 2.26568933904093 2.89983066813206 3.44208039198339 2.83947354761453 0 65.2200711948692 0.315868235629867 63.3023613447089 0 0 31.1563790609693 12.9800204946352 7.90674227076943 16.6493640174128 12.1724426825333 34.1144197362996
0.053977655 0.405108075 2.29359372264861 2.55754697538547 9.99547559900959 3.64044237918122 5.31280093003078 1.07066831492441 0 0.831549928061764 0.864714064293632 0.123002439275269 27.1982608754935 3.76176126415555 11.4647234462794 9.95225603900115 24.760033869081 9.16650639377563 10.5372458113052 10.2887418809899
0.326501335 0.845801925 5.16509233712817 3.13105669324858 6.28367758641843 2.21444075526756 0.594352048459046 107.066090239234 10.6497229127287 0.679420095867549 3.44137152588664 0.232548815916189 0.476898785781838 37.9466621851763 6.89088413490978 5.82354813144473 4.71475530595388 5.49231377290524 1.17341586454964 0.164534421963074
0.16880177 0.27913843 57.2054688669163 182.644592021828 3.03181774132566 252.603592834923 8.1913658406312 3.49933737451385 0.608652131092199 0.167111305310292 3.59235543250882 0.421398104112763 0.694955105960662 0.162695667614846 63.7873868775676 22.8750931683369 0.669443543553652 5.23600728899592 0.746655582410426 2.00412984702624
0.282010475 0.402089055 30.6441258885068 3.74766556744865 11.4028581276519 8.51140460935463 28.0770011329644 1.29300066371149 4.0477318473855 1.28542199152727 98.9687524919849 0.417361143310759 8.91125976545055 1.00158577502967 95.8932920927327 156.931029411143 180.297079668714 221.665443342866 130.284155304134 82.2574561031532
0.241822675 0.457128725 134.121876792544 104.673335504847 41.9748340597406 116.699003109089 25.8007310563651 82.9529900621816 4.8073479860068 41.1627201815246 2.31144498222132 42.3512765501553 63.7818381482837 25.1649785652869 207.346856805919 102.586055814181 98.9508304894711 78.7155088913752 38.0449682639923 196.36104420599
0.22264242 0.46253773 0 0 0 0 115.757899450658 37.6543388324458 0 0 0 0 65.6839277977658 10.9016041961701 1.94010920048298 0.514018220683315 0 1.21048562171851 633.363500369675 148.054495156451
0.221829195 0.513618395 3.39710085263822 3.61256917539698 1.21623397477192 3.25399556624163 195.217022740583 176.147815437259 0 0 0 0 17.2062927297622 0 3.12007939354237 3.58766904172205 4.6029645096841 4.24467122618967 227.083915359276 39.4762098762656
0.668092445 0.724644845 524.813769073585 411.593239075663 204.274469787513 445.881970688868 240.531957329548 228.396569670339 0.365795793931952 0.525343508911067 1.61935934774839 0 52.8360539174474 8.9706643713684 5192.81420469141 5427.12416613422 2324.76698051284 7448.51005523285 1663.08224176995 4122.21562171749
0.26452462 0.43276832 118.884710853204 367.422425960283 1.71149890722062 263.954859504453 4.74349631853185 6.83333696744899 0.578925028064448 2.59403607635163 0.424867256096298 1.37677387181256 1.28757540549612 0.623456539363096 171.775709480142 250.332678912991 0.979996177655598 212.156095900688 1.70415656887078 2.29781686651829
0.27040662 0.64085015 10.8577065335757 1.66307044490757 81.9186090709391 1.79259050207283 33.832680269026 16.1343279421803 0 0.144178507615768 4.21819733461625 0.908367141517004 2.90530698254496 0.533768150506357 16.9781747531352 12.7240042574168 100.111312287839 11.3400670400268 141.717148771646 51.6174525406618
0.046341945 0.809622905 5.39142011967932 0.707354268565871 0.528039007278818 1.19313505386382 975.305891024589 143.318486582132 0 0 0 0.661796593625044 87.3363505981763 51.0207798559812 1.98430411066697 3.30917825506464 1.69253619687417 6.77665138126599 222.886776101622 67.0082784370843
0.4791042 0.54432596 27.2039605057361 29.9090662882956 55.9728494285199 26.4097269631973 18.2448360003673 13.4855415230522 0.0513332035762567 0 0.0865047220748876 0 5.2314062800594 125.89103150103 24.6463187076333 37.8256968212682 35.3149221067409 38.7456307571235 27.9336400504755 8.62639186076244
0.33986553 0.51748215 66.8958303629456 50.4498486442779 320.743788442976 51.4130633017464 58.9988711594904 40.8125428824852 0.0535578685723162 0.0964888898322301 0 0.203022004237277 156.48863099757 31.6046158747244 63.3829456389211 66.1449868138271 269.80327887986 60.0322385793122 140.336545181795 50.5562755963682
0.290171505 0.446697825 6.5365588303134 27.8489179256731 1.99824040449691 28.0882517618245 1.34814400128025 1.75748539937727 1.01520952324662 13.0802148754298 0.279905101326053 11.624555275241 2.19382980235852 1.06967479274316 8.07511738335972 8.27584381296009 2.55576594781679 5.25512971213994 0.985625939073369 0.811162016031196
0.292435335 0.591610815 2.47627170006374 2.93592621831846 9.9780544927146 2.14988484337377 31.6472454719092 8.51431677658404 0.211106293645014 0.51494409080883 2.50830013517026 0.18290349321175 18.1670762743706 3.55681449443187 37.7214582894885 90.3928754662457 63.4808220108651 105.833609166182 66.1788196960964 39.0653705539376
0.35223628 0.41825934 210.714600273377 213.944681075389 333.113222769514 237.936809126963 88.3401425875603 196.126093681301 0 0 2.5842232068318 0 24.5972272342642 0.649503612085929 263.92633036183 406.911848536028 556.805729414218 471.592374350122 156.046431200571 258.450070402283
0.3596109 0.52424836 1.20600444534344 1.95487026223771 16.751381648993 1.60304372393365 1.61019760468878 0.726526200160541 146.052612185544 80.2260282708811 136.374459931326 87.4325209023833 20.9174815137756 35.8635525779982 314.525531256399 474.14972270482 517.226212744119 616.885828474073 226.687871785053 284.962776786614
0.113750135 0.385315825 13.5395859829745 29.502211251691 11.8869455875454 34.8746016349262 18.8606081346173 15.405970620175 0 0.175770054671955 0 0.0888342551755106 296.672375675957 59.9739668656959 64.5385873788445 136.647589699048 48.5204076017634 207.748036573566 53.5581393586165 41.1719672574067
0.41740214 0.64066871 6.76490697766501 7.92480457375189 5.25223081533784 3.39009557463295 6.94723486190313 7.10867699416863 0 0.904222643982774 4.64429411011296 1.33775739837592 0.144683439318874 0.776673392230058 49.5860040810916 25.4726344658739 31.6886158423471 39.1375250378376 39.3047526060898 16.59429950227
0.386974815 0.680726465 0.513904428448651 0.16019798850309 0 0.174091596410774 0.160391481135399 1.60682653381863 0 0 0.468331571891623 0 0.432270214404742 0.0183215746217601 22.3141353549299 1.42895786309402 0.662872003000532 1.25002955599695 0.232059250591224 0.254303336836404
0.405067435 0.545150665 25.2077102144631 16.9637427095525 35.1591517489521 17.4615267140874 104.00630480222 51.3681407576623 1.20963650472373 0 0.160378188624416 0.334805521939368 127.803992852915 37.8832853556392 75.1980320074264 47.59878219357 98.8004885683556 53.2658919152331 289.379949167861 253.402423740548
0.15289492 0.23636343 313.854338787252 376.950658054161 962.217312135686 359.557241792033 325.529779114392 465.851673968126 22.0736002321685 10.4388623215209 0.0885649155822436 6.4049700982483 1.64582129134539 0.775961073849079 403.517586877019 521.580525863481 1952.70151799289 308.899073031356 565.2568272534 574.768659657308
0.162481895 0.495912555 71.5730263708988 63.3400780348195 181.854287613503 57.6402018139453 74.4165975970415 120.168697030353 0 0 0 0 53.6875916545487 9.22379469933936 67.7171454909797 70.4826272279573 154.95272235484 43.7031919076744 82.5365475663973 180.400597055313
0.22482818 0.22482966 1163.207147566 1231.21299516822 2241.89079783193 767.816926021462 429.942251944516 1223.68366544436 12.5048151814152 0.838665415020971 68.1254587669983 1.00900509068872 95.6367435762964 17.1079793775956 2310.721883257 1641.06792092268 4486.8731344417 1464.19692550532 1705.59008391901 2227.92598971545
0.389129475 0.512862875 561.359719488717 715.058946990424 868.228580909833 771.405278156579 50.5437862255392 479.74981324043 0.0398278313424024 0 1.27457865320176 0.223245479173439 54.4936458906054 13.539229655049 743.062158881607 1143.74085897335 1861.28710499451 584.339989517609 337.691819034737 890.905189003605
0.195094265 0.832188265 0.512001342743191 0 0 0 25.5480755667414 453.611327638309 1.88711649569772 0 0 0 83.3432901618388 1391.53731827995 61.52851845503 0.364603892243778 7.65579460198369 0.113055327386033 0.441905164369717 0.960740803230404
0.24305322 0.3778507 810.622659138116 0.389742599692365 7.13560164735489 0.346216261171969 144.65695564572 79.0912549059353 361.382719622226 0.384046380812903 5.11431185597191 0.340698466326458 13.7987105562209 18.0979454724733 231.160730441622 0.0916923209285157 2.9764038155267 1.06472813224881 20.4837955176943 9.65906218150147
0.432223815 0.604758575 67.5320419391791 188.97566250142 398.793623351668 259.004680223262 72.1891996516633 56.9036537098842 0.640377677973461 1.75950163591998 1.49493044683118 4.07040136103515 66.9746250885583 24.3401898251438 2.18052754857381 7.37951875625787 14.2437749504404 10.2241595244365 16.6714644871678 5.85403695817121
0.01274069 0.26277681 14.0886437313205 17.9407783080484 41.1663040519443 16.2492841351873 7.4268819005218 3.46582571127521 4.19844509519582 10.5342633987588 14.0728373553043 9.24527806143325 1.80621384096238 1.07961831061178 22.0254282120035 20.5079181048253 35.0526006263686 24.4515792668896 2.58619405640425 22.081733886252
0.32275473 0.62810839 0.0201522724750644 0 0.0924115138546147 0.0420761681810743 5.22512015213329 0.810501310794786 1.02207192654521 10.6713941617301 1.93171845880794 15.0072745152616 0.497514543916417 0.160252695968396 0 0 0 0 11.7144567986443 1.52090312193051
0.18204994 0.61730607 0.072733346048225 0.132440242035439 0.0437085491034314 0.0227888418871366 4.59021131268616 0.706369977377513 17.3247626622567 11.9919952020618 59.1926919785227 12.7073397824037 19.9072912594361 6.32573318611639 11.0124375072433 13.6894346312658 35.4732633494833 15.239974878553 13.7673230115455 11.9147656720508
0.26534367 0.3405452 2668.44617712031 3054.04099981241 4118.40428005097 2849.16591918103 2103.94850956145 2155.21461162438 0 30.6635463788853 3.96266577233995 30.9423603933134 0 0 5187.50540840374 4379.32519641165 13539.5849088702 2385.51836677008 2043.55344066379 1989.49220683947
0.06061706 0.45101823 1.54829394123149 1.79275084614935 3.31669778956407 2.92959482571496 176.653497148349 39.3120358822429 0 1.23213826182225 0 0 0 0 0.715802004365912 2.33375072429943 0.299005110942537 2.52475746511899 47.0190027173708 13.7872810957928
0.28798175 0.38487772 2.73499582030375 16.5627451022958 0.0231259049578738 22.8685006195739 0.0394999495426326 0.045260081585308 1.68080281883586 19.4735696825315 0 23.8479673521499 0.342629694158988 0 0.148958490269158 4.64418105350704 0.00983409394101327 6.00960885988995 0.00736232706639377 0.135324668091111
0.284685095 0.545421105 16.6984268376306 15.1407874485606 57.0415802006277 12.2112205415469 22.2734062617787 17.1677136944591 0.311154274969588 0 0 0 46.4674416721189 11.5654912364792 2.92748845511813 3.55969478811617 8.52755689770605 5.59693005063771 5.2125352271339 4.17215654817788
0.24190893 0.37092769 29.6050338163666 31.7393017285961 146.266254036997 24.4733586039998 15.368994043834 21.8535678908577 19.0203761929523 50.7073339805955 30.2038483524833 56.9815356567295 13.4088623057002 8.59603705390827 30.1139901075897 35.081671426663 80.9215479610183 29.2647887869711 5.39745892739078 18.5668265848801
0.317662345 0.477179225 262.508778431838 295.940905472774 14.095688692138 137.967747233976 5.47855242534625 30.4145180691305 0.0801032112707979 0.124878542930872 5.06104025277848 0.0595878304397 38.6336526440399 6.63610838546125 128.229700571542 110.305193890169 5.04213902739404 85.8192082031788 4.32347851532006 14.3033904452767
0.28903457 0.37887265 82.883402503661 97.4257952952582 205.067813335486 133.902784732656 25.6543084802608 94.286512058181 2.34232078795381 2.6020028055476 15.7908747057713 3.21192323770941 22.3587230629786 3.75294732796876 28.1620097250193 69.1128846787289 70.9631535386337 94.2322431706457 8.45871959897143 42.2337125739706
0.49522528 0.70770414 70.2980883483152 60.5646732794507 26.7310047937136 38.280515184778 17.6220372801912 25.834861688543 359.25208652734 382.681313933212 3.49333126763362 159.409521996527 7.07441332857283 53.9986291177775 10.1798997983263 6.06653985603069 8.27936703567911 5.00469176177469 2.39707690993785 3.60045699355839
0.509431405 0.527872705 80.4260352808987 479.224187416362 94.2045011181858 649.68862997714 54.8680251457152 348.98516001225 0 1.87180821727512 0 0 136.300506868623 2.30384312275202 40.059399537472 42.5576059883383 114.742268644052 37.3426397341688 30.8029246273376 75.7432960586513
0.08360592 0.68237291 0.218558292852598 0.716506154707044 0.924985578117779 0.578295838595018 80.7627826212145 16.8539348415975 0 1.3201207801062 0 0.810158117889788 274.569611102547 43.0349469054019 0.135016261086628 0 0 0 30.502142021796 14.5998903597522
0.12949666 0.28072459 6.03227108216586 22.9853810046656 3.85225784449934 24.559895844268 104.240853431687 27.9589089349644 2.17518345435178 4.52029903613907 11.1094590672508 6.06804350467972 22.7999843298119 5.107050630174 2.28564755514826 26.6007486191339 2.31547913729796 38.85009658686 93.1277267399375 38.8780038687126
0.13114484 0.3119354 71.6251369034481 72.7276666154438 137.7720416812 65.0906581023202 73.4329257281767 78.4778905472067 0.23394007634268 0.0351297695798361 0.217289041438995 0.0719018718223626 82.1469410035903 16.9697741305935 64.7309287223756 56.9394315337558 114.417964906188 61.558004333479 95.1291224358017 70.3798070790542
0.252407015 1.006235135 11.8474035411369 6.56027987633121 8.3459147389371 11.8960297564297 4059.98612799007 1195.43511777093 7.80271339071547 64.9057209987611 7.63948414735362 116.314384895519 566.912692637919 340.244910265475 0 0 0 0 5.18869661841374 4.21332222987087
0.294204785 0.436491615 95.8932920927327 156.931029411143 180.297079668714 221.665443342866 130.284155304134 82.2574561031532 12.8074017062779 9.77021734858808 738.773943098463 6.37771632595561 77.2088112550145 41.7672309208929 30.6441258885068 3.74766556744865 11.4028581276519 8.51140460935463 28.0770011329644 1.29300066371149
0.377533855 0.537419805 46.1732139399861 61.9796334638376 29.4509142488664 68.7508658288048 35.7920334436662 36.2072945585062 0 9.53402858351716 8.31399643455855 17.4873771686722 2.19952370593207 0 16.6664621513845 17.12450111904 9.34416135356739 25.571208458117 7.61472470575292 46.6935084821713
0.11353956 0.21691001 1036.48782582682 1164.34399085343 2598.17482607735 937.122855404254 495.024933033015 829.574814018185 0.420993119009704 5.05095119594475 1.86803094501589 6.84873113005041 1.05664001788294 0 1001.72163574417 991.648375963282 5426.57649445773 828.688840929793 777.25283173514 973.391218352856
0.175177435 0.334793535 9.46436396047815 21.1074398459544 58.4246527670973 25.7799411497495 54.6109071091958 15.4129751734032 47.4872402722035 109.24440609256 30.0345060172708 115.95684381223 28.7233035005738 42.7562966577612 10.1412699079694 10.3508236049824 20.3510729678156 13.3134312662628 11.1071822039952 3.69926742624854
0.014290955 0.996069075 30.0011734758874 42.8682487088462 187.724681404268 40.0612290508911 35.8927346779501 17.4790925603388 1.98906673220238 12.2389132864073 20.638247189624 10.1849204794103 8.08625366718935 1.4465320545119 15.2217530852394 34.6520297638889 40.8735118689059 41.9686919388332 4.91964817912708 11.6618621760883
0.18993067 0.43975276 6.88538756639717 7.12274768237247 17.9727647361402 7.84380536311378 15.4061661076702 10.0928957492718 0.182902956147421 1.20243194630709 0.111657474109468 1.82168562607998 33.9264325411518 4.67244883105152 4.651133604918 2.96835985419342 10.6815068000823 2.97677342341666 10.7280372014179 4.61192234378336
0.02433421 0.34272276 17.9864704735703 12.8284118692326 28.7394239946037 16.1376353287603 78.2491461286506 36.8095887592466 0 9.98909608992561 0 16.3995409502468 0.950721622728828 0 32.593578538125 17.6627222638756 22.8028342509459 17.4934024506599 21.184764558503 19.0307345098749
0.09020374 0.27036476 15.5749380843404 13.5681939969716 44.8112556282336 15.0905227043368 12.4761796569048 29.740452117091 6.54592359330394 189.870297661742 4.29012406017437 329.619001727743 3.81263665979634 1.91731558985763 9.96991690566057 7.73644402876271 26.1528161780524 8.65050005626021 29.731678781529 18.8592079820075
0.035964245 0.493760195 1.13595372083022 0 0.390290280111231 0 168.241897617676 44.2517730607493 0.360450447274421 0.38178356235491 0 0 13.1174060498877 2.38321076615517 0.0900749662850277 0 0.182624053347535 0 202.309439023366 28.2031538878832
0.005376365 0.391491095 7.29160415458714 39.4692633039968 0.0199824341845884 51.6888229516338 6.65269165196948 0.498249166949983 2.95698120878375 24.2964791268201 0 41.5708723951917 1.07655741633896 0.103199525663602 7.31558323879758 51.7964645253518 0.128897887424397 66.2348750320627 5.90877729868783 2.04359725415363
0.210590175 0.448636555 93.9123306646885 12.433017051307 11.6956129800876 10.5886628506957 74.061907147858 60.9553030279716 1.47415371481705 0.606165807392503 0.2490625603918 1.14358928687419 35.8067403995676 19.3097045252307 23.0996482291246 4.9520093814422 2.8883363174652 5.37921094881047 36.6800489108486 48.3409649860994
0.33126996 0.56468673 2.03256096671266 3.76205904864131 2.01294104394633 3.05603932743788 245.741182425836 70.1909889680655 536.106202683874 268.283034855493 194.101812789655 295.323546064101 54.5356825530051 115.529521895115 0.738340175420559 0.212970721874597 0.485879687955775 0.182000074772655 282.664178775293 50.0092523675752
0.41640016 0.52399353 73.4805169178724 89.7969384087938 372.41977864162 88.5470433712903 272.791480627532 165.326231103371 2.64430912272452 0 4.29186087614704 0 679.627409973832 221.905258782803 53.0144866660645 63.7676426125328 149.08093763628 57.7612922651554 142.525623622924 102.45386926605
0.048975365 0.375794835 34.0994859587205 13.1190549784326 26.5615802511895 18.5798847037182 21.4967769940918 13.8725829234143 52.2361012857474 52.690484712788 31.8614460824558 67.0181057084165 31.9365577400976 16.8247727629203 1.5825578921234 1.65634188585759 6.49770374593339 3.08803190375897 2.38413077630774 3.15842532640105
0.25615555 0.61149862 7.49321919615146 18.3719547228429 32.1350698689486 21.117711937007 7.79467487820438 7.63858217840545 1.01489327838353 1.40955950267268 29.1705155692845 1.0902080060832 1.2060952246942 0.326764991706693 10.3361179136513 9.11906166033704 26.8219983692072 8.32387380431665 16.8263713735134 12.3386670267645
0.159108765 0.233128895 73.0435433525071 16.4063498014532 26.7943783221128 13.758405811138 20.4684507111723 30.8049550180133 7.97226421446556 12.5671446762266 12.8239884013769 8.24082751197581 16.3892735061695 7.99098516335921 69.0799631244965 31.2543698986495 25.7709823390464 19.9445287708957 3.90665738034782 58.4069281414512
0.354632575 0.413760825 213.253737643338 389.162808912196 110.756023984181 352.288633583725 36.9266526320822 42.9065520011545 0.44853145848545 0 0.185436811152968 0 69.2479379685527 20.7182870681765 85.2658885791721 206.553354822253 48.7653496709467 170.164588641614 48.9689834780384 63.5971366878808
0.208601535 0.377932575 181.959289827658 132.213614802057 435.610179096663 114.888981966131 594.818605818032 321.206414948562 0.866235042403732 0.102524766400017 0 0.0938296712309949 63.5083701615938 23.6422833054208 149.125760358664 75.1619875846113 345.229412026929 89.5518192230909 168.758090220609 127.771499218558
0.327833915 0.776918125 2.22782167971662 0.172286169759997 0 0 173.294605829471 58.7678485659479 0.464239653279922 1.08043547522302 4.39167399830312 0.904170947702986 269.48574932212 82.1395733147421 0.789185618382365 0.127516774754945 0 0 113.948741096942 41.6715844895569
0.196381495 0.312224595 188.77540003081 378.199779576963 265.863887102737 470.267690675952 141.662566402504 283.538047520056 0 0.522476636420497 0 0.160082803906803 35.2276959545859 6.12139864497864 120.549644624179 173.771582898031 342.333435401955 166.685205565588 169.070338152283 204.431048496546
0.0079517 0.40863901 3.00641341819461 0.47526930290059 112.947044955915 0.383296409806438 0.510954558265983 0.525727812024119 0.776422659415502 0 20.3651024516709 0.147960756219877 0.14410965080906 0.23738770446135 2.26498486396487 0.864109122488456 32.5480992998599 0.518333798261147 3.93502452058454 11.5633633658428
0.14438506 0.22237305 775.589521191102 872.666880995747 1009.53253052029 965.826231177286 392.451785926166 418.166011205946 0 2.00694700319675 0 0 0 0 378.261340951452 358.559864425638 647.252403903948 325.853687024889 190.342483415669 197.154923534281
0.319436725 0.456172515 220.475122441627 136.376828378803 532.720526791702 110.291380054139 715.442186708601 348.492949777619 2.42043013334306 3.1768253269662 2.70138078864637 3.61969353300201 37.9845436936491 10.1114623337858 125.640702582177 52.1128760252707 213.858614067132 47.3101989968775 174.814470696634 108.972802956571
0.19898071 0.33440208 19.7138987845235 12.8122295320456 36.7634588991822 11.2024055196854 41.7150511036647 18.9712768334576 1.12550547670003 0.395421285114288 3.89649218175011 0.68312267732109 176.83973557147 80.2730499452071 13.1182898412923 9.54291949255157 32.7368935581297 7.77583077822616 13.980314006093 4.65388471067607
0.289426605 0.496962025 8.07511738335972 8.27584381296009 2.55576594781679 5.25512971213994 0.985625939073369 0.811162016031196 1.93236717509613 4.702486062556 3.15368462936981 3.72023452966359 1.80862857024407 1.33938318287747 6.5365588303134 27.8489179256731 1.99824040449691 28.0882517618245 1.34814400128025 1.75748539937727
0.119718365 0.474940085 2.82202710362672 0.537942311497987 0.874424737071328 0.797846573910914 229.723569184215 69.2827161309239 0.58461254059447 0.93994678930892 0.82678288693661 0.176207230028154 133.924150263738 59.1664697285036 0.625649755385533 0 0.539744926696645 0 71.5372103690968 22.8064856072214
0.10927917 0.45900017 16.4978901535397 0.0421863689354202 1395.73355097066 0.0786343964329693 4975.3271188181 352.63693841817 0.701576235965345 0.131521738927735 1.62296867068524 0.216729939699731 214.68489885206 33.5244790928674 32.2207914430329 2.21798446576486 292.607866950716 1.9018437694693 1047.14303615705 168.375937563111
0.38848684 0.68273368 106.705773072473 200.173420512788 38.2578207763309 280.725765942085 41.1431227442586 75.101744790945 16.7262639077575 62.8144635451826 0.151580113858908 73.568196707076 3.9424416259588 0.879218361284035 38.352582195407 53.5192500434292 35.3624103246152 49.5888908258601 7.33164515952843 12.137721739586
0.603972155 0.865602975 75.1980320074264 47.59878219357 98.8004885683556 53.2658919152331 289.379949167861 253.402423740548 1.15432526178594 0.87957612630776 5.40420740716479 1.14979428998791 175.262872502361 44.1497406681757 25.2077102144631 16.9637427095525 35.1591517489521 17.4615267140874 104.00630480222 51.3681407576623
0.009640355 0.121798585 1096.74923158125 1479.1744349916 2164.4489008839 1234.93372953276 1119.43287728985 852.907124492384 0 210.742566491549 8.83324294974131 151.111499744975 2.1427143972447 4.70781799253618 1171.3815117454 2182.33045141832 1577.20906099086 720.029130640468 598.083516948844 1014.46870586799
0.1168844 0.31719527 143.165116057076 165.993941251272 451.500831811726 151.03321901249 62.5097529449792 124.392898862101 0.358648076414452 0 0 0 48.4870477578564 18.090966809047 71.4912117842684 81.4059755673451 154.697270197858 91.7929932635998 18.9054389872368 49.2272144190605
0.19870747 0.23729723 30.5164090066288 96.7153498115355 0 123.516323311343 1.70335729307675 0.0608880654421236 56.5877203129545 188.157957856067 0 306.569853455127 2.2200903001362 0.815981822842715 2.98779070046055 38.7519074935216 0.0300187629989476 44.2310548633756 0.136149198982352 0.459029474749219
0.274159695 0.767336785 0 0.0476248076187334 0 0 7.36235348459633 0.480876552885498 0.153067868007244 0.0712824206728885 0.864088784092838 0 24.882439345063 2.05372795871547 0 0.0430626849217385 0 0 8.55268064751589 1.13040729878899
0.076652215 0.224215545 75.1666650481451 131.189446605391 591.843034759809 149.666592647702 150.6798031667 387.531441633734 5.12609746589234 17.4489466623118 16.5870016382376 15.8934206391917 90.6124309630257 37.8491137997298 103.336179905729 105.828641949814 467.71561604589 96.8032247224207 70.097943488625 193.37419990575
0.00171913 0.18975624 557.99767930379 434.835268631439 649.274528103046 449.587551009078 251.354392151208 360.043703826996 229.002961078043 472.312720740598 233.200476046889 532.48703108499 111.133000490348 190.321476232035 250.464209773444 117.632318542585 112.171900195382 134.613025043209 34.9787870463976 110.164488796405
0.015957275 0.350782825 7.57365197788869 14.3065597065986 0 15.0630120485587 65.674850212348 37.1165116638617 3.02597893220853 8.98444095731068 0 11.2659856142474 29.011031728124 8.91722748770081 0.324745611706067 14.5633622546644 0 28.8436916422697 2.22966317964232 2.49689899458231
0.254491115 0.675364355 0.0774987506607811 0.272255560874597 0.0250946218344095 0.476413014039976 9.36006398715643 0.727170121983292 0.281557733873402 1.40230635626684 0 2.08413765000169 12.6642259540792 1.27590445349074 0.211914188422985 0.0887469096775892 0 0.09066518221417 24.8318488985786 7.88590522656906
0.14492933 0.33132113 39.4696242343234 36.2301935186091 21.9641667162117 32.0515325518602 24.4137265196659 61.9425427591467 0.708115187439899 2.29767089298025 2.7187185291321 5.47630548052559 0 0 40.8652556083794 46.456215231449 17.9601711558736 54.1031134402457 11.3596989557688 13.0739485005933
0.010439765 0.208006945 116.27989145085 70.3721972095737 62.4046218012957 23.865057072931 6.49851774269208 5.62370267755166 43.6880620963013 72.0039271291136 20.6793010145967 23.6920459155157 1.99296708914894 1.02383521143282 82.3870696371407 77.9677977130403 17.3460526853722 74.9162872533704 8.44412756006754 39.7370646325048
0.393295385 0.646705975 0.234948036959641 0.0810860359979577 0.102980554733694 0.124331897204462 50.2757183964138 6.08616961799978 1.4634183372652 1.13486895412053 1.54094383440006 1.43843275214185 55.2977743682163 10.678234984379 0.647191423049398 0.0434370780969549 0 0.0637047049002144 150.490310190767 50.4526274842598
1.16033531 1.16036184 18.4662385512244 9.14578913101186 0 6.28906723148186 3.02072178965006 237.997277583431 0.360423695369504 0.671483804843019 0 1.17933695845057 18.4564919588065 2.19626565041498 4.53770348155205 0 0.264975591217808 0 0.853145339037966 0.536857558445818
0.02303897 0.2874339 7.07146295449163 7.4869255124725 28.5728553698198 6.26375239655627 7.3824120781512 6.45349901267113 0.838716306659918 3.10850741245783 10.1094562339994 2.04168177555528 1.79377400222381 0.146295174138082 9.81550235155265 11.583705555447 30.1878190767633 14.6124608273725 20.4740139487017 12.9881412432589
0.055165305 0.210462645 199.262425442117 120.538886428085 39.565394084215 70.7852552534285 52.2276023890691 74.9383434587161 94.0965200234956 62.7620920683057 15.4637196383256 48.9638803245827 18.1273683278948 32.5778614307298 57.701371573665 37.5254307865411 17.0205933252476 48.874557474952 31.6782625156022 34.4592640172228
0.14522001 0.2567782 27.8896311285975 18.591015045831 97.1659742582687 22.4273668864993 46.6740881822574 52.3843075808278 0 0 6.52226678522278 0 3.21827994316983 0 38.4990592405448 40.9970267939124 78.7191369759336 32.3009231194219 56.2992057145131 36.839349463096
0.3598583 0.52592056 0.386673292303457 0.870428012985741 0 0.784090158664878 0.0648189361884118 10.1144474827169 0.466034041256329 0.185128842170858 0.211897089728668 0.503529647332263 49.8877354899502 9.97899018885716 0.0809427272396795 0.39643850850522 0.14709968325544 0.324454985478522 10.9996907155317 0.716443422028907
0.024505735 0.244248165 2.74426882259027 1.14224985444145 74.4217060253645 2.6658355443639 9.79797159305764 4.27774171605343 0.148497761042764 1.11818849599501 6.74479326256227 6.00193695481879 0 0 9.86069274197143 1.11511165055516 93.6332389444898 0.834473116522962 4.56453647956629 0.824104328457018
0.1813455 0.24420929 403.517586877019 521.580525863481 1952.70151799289 308.899073031356 565.2568272534 574.768659657308 15.7719581879608 3.91341165437216 2.89385785903867 3.98485380027655 1.27437696965573 0.496879947073885 313.854338787252 376.950658054161 962.217312135686 359.557241792033 325.529779114392 465.851673968126
0.00565145 0.93090731 75.7525886140231 43.2067078886652 84.9753035240836 22.947788423178 33.5398742820568 52.0773268444394 0.545451913073023 3.5812024481888 6.81605456476077 2.63185911484145 0.796272736804538 0.336729002492936 2.38668138429873 2.49584491025368 0.404882107395753 1.67592227461871 13.2538039340518 7.91401635482554
0.546520185 0.794424235 64.4982174991437 111.014684092181 108.436276557812 135.450819347367 73.5164972835488 84.0293092326243 1.34451083037435 0 1.69068647268462 0 267.124229625626 69.4519012986871 19.0461100200876 12.0883450371771 22.3520105588164 19.117455824243 261.210368519116 94.2947278618715
0.03656182 0.28011875 12.3077145611718 5.49677514471724 16.6098943247715 4.13875644484407 4.87427398790973 6.29309132538679 0.94705265967134 2.50523812771751 4.23447161123683 1.13350117709114 1.48655952150839 15.2817788583962 10.1240422887492 4.74329054053941 29.9322461910368 4.48448476572926 0.722521491119702 3.95626930696273
0.1720158 0.32487813 33.2054675595026 32.3322801246319 208.655457098253 36.2681523130664 151.209558610718 66.1305533463345 0.363847884921657 0.988066982055311 17.9822153222676 0.799046313317174 33.0116634000895 3.92399089598299 31.2824834661344 17.4382018848697 165.82119012945 18.4051694834231 20.6851776805029 21.5363651137428
0.13349232 0.84031701 0.472156406465868 0.0670891973819369 0.753880645405713 0.124556835689932 155.695103437565 29.143623065145 0.773880956246764 0 0.205236668899331 0 135.592976750398 37.056767510367 0.0331054485842438 0 0 0 106.833525688191 29.7883028699357
0.048264995 0.320705545 2.76707405493352 4.18757455782133 63.686079290865 3.48197250296753 5.65072143679247 0.698651085600838 0.0642841093168705 1.42976042334246 7.83169904557446 2.54440846898108 0.222620159028925 0 9.99382618143048 4.62702871018527 66.6070495625828 3.7565806775484 4.12289617303126 2.02889725059268
0.05167069 0.27950005 281.181012251449 278.667516198676 234.8625960111 167.063407415948 39.3775164080936 151.892424347768 0.220764669628608 4.97508279861308 0 3.2401554951618 0 0 90.4004362055121 85.5889927096844 29.0606184422957 110.233593901721 40.1317021709065 37.2187420825037
0.30069681 0.32517313 3547.57385377078 2732.93561927306 5523.84997614573 2171.22244627669 824.064923520907 1680.33440710542 1.40225631037948 5.00501085473974 8.79109152050755 5.04846371137792 85.2499454547193 20.2677488651498 770.885048735401 1105.71163864 1248.11564413648 613.945221833528 184.592527095236 703.985987075079
0.22659463 0.48431273 1.62318380790441 0.231379577683962 2.22554395166443 0.298246064630123 420.648205080877 73.8395644876035 0.90373941168763 4.16071779266416 0.440570412572814 4.32859989383636 29.9742607926102 3.21654931987767 0.717299748223416 0.208414535880851 0.0536629203895786 0.277590448684861 252.806764667807 68.3228416237049
0.264742925 0.421342855 121.323760795933 965.62980084706 4.57133806014744 1244.211878332 11.1286875743153 2.35541919976194 3.81892831463656 8.65572565618871 0 14.9207501689249 1.0623795057503 0 75.9196472810377 34.0543162932891 0 358.283287416825 0.72185709166073 17.9441791724608
0.22439156 0.5220205 12.7546502255601 26.9483104277183 31.2678889233268 36.6640952659877 10.7089138048327 9.28565146712441 0.230480365220968 0.0912098185452938 0.0328892085875805 0.0853920138073282 7.19543035266774 0.571160105913066 10.0102695407807 3.34294360277209 56.5576622409209 6.56087843029297 9.44601277507167 2.78228005433128
0.267554705 0.395858615 26.845940716287 11.7869637819921 40.8272916562952 10.9825877323949 37.7780540694084 34.180702270954 0.0408797595967567 0.123005772016485 0 0.131645196486769 20.5878647661442 1.23132137086834 42.6594120314039 37.5141998256556 98.6832000546605 41.8601303652967 46.1425233482833 62.5123348829207
0.151872415 0.329425645 15.0759510882702 28.2211632808237 16.4426452207209 30.1318988066214 3.32984490345451 2.41315064117367 4.21612802598264 5.75021151170232 9.52292448310297 5.29378704899193 83.8017932244338 22.0408816357246 21.989748234495 34.3798486950952 13.7030914128445 36.8044056122127 4.15465729119526 5.24947861414508
0.254101225 0.377607425 263.92633036183 406.911848536028 556.805729414218 471.592374350122 156.046431200571 258.450070402283 18.046171333799 15.7765623740996 91.1612673525617 13.0821127805882 23.5665854582102 14.5571153609267 210.714600273377 213.944681075389 333.113222769514 237.936809126963 88.3401425875603 196.126093681301
0.068480815 0.347774175 2.0099283360296 1.48516461380958 1.61088542678136 1.81600413642395 152.125443857381 47.0393981404307 8.34368762195366 20.0361741691457 19.7648014191054 32.7261131468415 12.0444572810212 7.34278807066584 0.177599281476646 0 0.150039503924411 0 85.7600738785971 26.5893996077429
0.161088565 0.452161715 16.7310591074616 14.5569333827458 42.1090045456218 14.1984535539441 83.039642150683 32.9605696896965 0.105255807857661 0 0 0 4.50249795504385 0.398362092663982 10.8202753457084 8.92404024234721 32.1105681531027 9.87975736826904 76.3878150326344 27.3440990979635
0.357017085 0.494449915 8.81442923214571 30.8178178418985 5.15680931467348 37.2922881705387 0.364963760070574 0.410272347503823 3.07102870526797 13.1226018348764 0 20.9754620081318 1.58361749068976 29.7770517290541 0.862603963949197 10.1437117226079 2.76425135805413 13.7108084731253 0.211153795187694 0.350583689303436
0.293419255 0.384267695 124.740817256841 152.937929294033 100.001873035896 203.268584630697 34.468567701346 97.4285188635261 4.37127682807704 1.27537197401834 3.58703993025507 1.70768960885263 929.802423694018 172.131826826696 56.7973013765122 68.6120339366446 81.4818422588656 66.4356342862818 51.1806351521274 81.1582362267816
0.146824065 0.323148395 78.0720284518447 165.432894650047 175.982254125407 191.28978404986 38.7688765679412 63.8747537914525 0 1.97417848621888 0 4.16081607981823 38.4243581754618 3.22448901140373 111.05620769964 107.349076907569 296.815695222702 80.2150056797337 40.6916734925495 69.5593949324755
0.3699228 0.49747884 173.049784281496 104.556488956279 417.442014382073 107.460855499116 1085.63136894574 277.211664464664 0.051285862518645 0 0.314149933691705 0.234118426502981 28.9990446461445 4.90787718605641 52.5130732265188 17.4303517917182 65.2593138214542 19.4800249409422 86.7565206308421 60.6301692571371
0.774341745 0.799433005 136.242908273153 98.7257393186809 75.5186070590646 109.007058792348 223.6256346983 189.864174465578 0 0 0 0 23.7521973141557 2.67038786417858 67.0624359661216 68.9975939228172 43.5124409746132 63.4921537396676 54.7819629089573 105.413588084069
0.27039766 0.70666597 1.03101695092224 0.614248531351024 1.67795056936613 0.807328513025106 278.435748419333 84.6125851622007 0.446375019690142 0.498522639461515 0 0.0768689697245742 79.8424991021984 22.0506600432016 1.71877111763763 0.0490065359219252 0 0.13666416641326 96.3175592221435 42.7593422200451
0.33295633 0.52675258 238.689072658509 344.356370305592 471.141741245108 347.291790196253 199.096780489662 942.633544865667 3.20474241150238 0 0 0.691087437427981 144.760243225314 52.2437914205481 53.8571059173199 58.0950534636823 62.2816565084153 54.1348830906935 51.5935573299081 255.300549954056
0.40409231 0.57896294 0.8780920524283 0 0.139251205673937 0.0626022218680106 81.5611385551578 23.7960865864857 494.307223354989 939.340851570307 215.355938815646 820.173520436967 43.9452592707241 270.109372370608 0 0 0 0.181106566412517 61.4551046903254 15.7238287565107
0.15172909 0.80590611 4.26953164691299 6.96599540571045 7.83674399597796 1.77365154756905 771.86596599081 402.352333638591 0.220662652764491 0.110410627830982 6.00354780057984 0.147305935642998 32.3671487710156 6.96906967627608 0 0 0 0.255365856537197 219.58064054696 31.5806473823904
0.08136747 0.3302574 13.10679782311 9.40028070400328 20.7785014742104 8.88639452750539 91.7135354859123 52.4266673982387 0.628630989149693 7.36326487908794 7.63376042142194 6.23536856176968 1.83905756580764 1.77186311828819 18.2013216848079 16.1519894689643 27.1367338012958 14.3558117234159 36.7441414100171 50.9398384674138
0.107209965 0.286360455 2310.721883257 1641.06792092268 4486.8731344417 1464.19692550532 1705.59008391901 2227.92598971545 0 9.88525996464631 7.52128436476038 14.9445710856364 0 4.23176902987578 1163.207147566 1231.21299516822 2241.89079783193 767.816926021462 429.942251944516 1223.68366544436
0.34972639 0.48503758 63.3829456389211 66.1449868138271 269.80327887986 60.0322385793122 140.336545181795 50.5562755963682 3.89703845393213 2.91861731868527 6.35075977738008 3.30222237227611 493.339510385092 115.852663591163 66.8958303629456 50.4498486442779 320.743788442976 51.4130633017464 58.9988711594904 40.8125428824852
0.104068445 0.372070895 2.20387084978581 0.339962156001015 316.236085738104 0.580655842358747 38.2754500444784 5.11974134371745 0.386222229577133 0.200073480826574 0.983330300548947 0.139192101410582 65.3251606754383 16.5069558931418 21.499223074442 1.29881895135037 314.09773939221 0.484979365848757 35.7474941500967 11.7791604903579
0.01821229 0.28579541 25.3096144037421 33.9946022995479 26.9991266993778 29.2765950729371 6.82881747129357 11.731562196513 27.9143288926701 86.9472413852594 15.2135743618232 101.423616044674 5.54866145962663 13.4939871498398 12.8525183508506 19.819933368542 18.3666586963153 23.7355971183499 5.62176074786561 9.73442927759616
0.07419494 0.22520723 168.605343947812 125.511921005696 119.614916125314 110.773011046973 379.409968525148 744.128863592987 33.0125396486033 34.2893803021487 6.43349076490074 32.5430770469342 17.6474856019091 7.75137616665529 40.8874553428699 20.6936611465243 23.207040505679 20.7768384227379 43.7059109932674 145.46523357759
0.050479245 0.426611165 13.4021266878831 29.9381301507089 11.2854321258015 34.9693064954081 2.09759525510162 2.34811280528128 0.95265526268824 1.43237672276037 105.976714746097 1.27476989330542 18.5204585527186 2.49244411507938 3.78630143958909 5.74885361938635 12.9670699391213 9.08184840695796 2.21790892658846 2.13514216910977
0.02281983 0.1182002 2451.65878532274 2117.31352713482 5005.01782910173 1654.89409096624 2543.85530059923 2432.99634819204 1.07918971554025 255.671962139215 11.0885180541465 132.394110807675 6.86349175478326 12.7258714936893 639.399034183063 852.597450715621 1038.93058217687 582.240367305342 302.368229885695 740.079598735909
0.234356275 0.451973205 50.3936558197638 68.9136884507022 59.0358491608553 89.2322877622017 27.3527930381631 35.9327933491654 1.25842375377515 0.236376895229162 1.06660229458056 0.0796782722121126 86.4286703873529 30.254931979455 21.9334762544878 35.6686151035911 14.3821001212115 38.1692112375671 53.0249334924174 26.34641659799
0.30078283 0.51929156 0.7797448755035 18.926060257544 0 37.4758318617635 13.0431518046879 0 332.005809020073 32.6445035922763 20.2611168274019 64.6591414350492 32.620762842483 142.129550710075 0 0 0 0 1.78205399737562 22.5780230015027
0.191289665 0.307164835 120.830084522791 216.907599982626 397.779554247614 260.450847331806 146.207635256562 133.96857445254 1.81396033366843 0.529344163260987 1.08879584478838 3.41555973654029 346.534359729015 113.546816547078 112.547887130455 79.8025084836721 315.646835034253 103.933560887329 158.254461063594 123.604746120856
0.1195018 0.39890711 24.6463187076333 37.8256968212682 35.3149221067409 38.7456307571235 27.9336400504755 8.62639186076244 0.305338746854053 0.0742553714039634 1.01019351515814 0 86.3963971256084 26.8777196618425 27.2039605057361 29.9090662882956 55.9728494285199 26.4097269631973 18.2448360003673 13.4855415230522
0.002528355 0.146040235 8.09672967108735 35.8192313468577 9.59258440455065 44.0557251088193 2.60417755623649 31.4001712845263 4.06120629399885 36.1344088032288 6.68683392113033 54.9187802845176 1.74197952660253 6.3954565213371 6.94281098285366 25.3132286290015 2.75724623099598 21.3234204269434 2.18085864644755 14.335624126358
0.01418919 0.24248646 37.1623329980348 47.5432115690336 27.5848200396316 44.4335608753695 5.40688350743284 15.0346374211868 0.222342355824649 4.86852766809594 2.76078238633403 4.31290808467983 0.207518684590722 1.87990153413157 25.263493648415 20.6493169607009 16.7171293055983 24.6438580338534 4.80469453664881 12.3688122805233
0.11612353 0.27565817 738.823039290004 2955.7432756446 4622.50058433937 3806.99232710153 13730.3133040644 7650.19860995022 29.3753293754538 0 0 3.2219903564293 5940.22240278167 1777.9891147323 63.7538832847551 64.8374525386225 36.7296298306725 49.3247631129789 134.701588967258 69.6931101234781
0.020251375 0.247241225 23.8088156445818 24.6724807333285 86.7691126571225 35.3100585396683 8.60421896488999 11.7849176226735 0.261975958734827 10.5942129539512 8.45971747566341 11.1989611548529 0.967950982586807 0 14.3615663447668 7.70422435070867 24.1529387042263 8.9765196783424 12.891388487231 8.08963135079307
0.185234315 0.345225025 148.904816875367 92.5543507872667 92.9865403945969 116.803793935473 200.280783829467 74.0597970934746 2.58491992519293 0 2.04368061238258 0 995.397502481495 170.443691924453 85.6276780935987 87.1186504589448 104.424040299086 88.9301938024523 121.689691133758 73.4874877958655
0.22250229 0.37361129 126.222347916082 44.1518159718187 110.040234310904 39.0172778338338 30.2943447447247 38.2344855804837 1.93717502041559 2.3356356622644 1.51893942910754 2.31186740749106 465.182333311518 101.805902965127 87.952872351191 45.2353754490245 90.365731502144 35.1523033908361 36.5494679492161 41.6519593818151
0.058087235 0.168134245 2624.87467100156 3328.17446822661 6551.33706521115 2601.20937018266 2476.2529283721 2064.91567249591 0 136.033862696868 11.7747980795443 70.0721900182662 2.35456811122504 4.90385958779703 1100.95584204108 1602.02774128985 2855.79925075578 1082.69770155844 593.902688980053 1036.75097771955
0.04531652 0.25088031 7.7063292575112 10.3520174450248 35.3302875128272 17.9977112008992 13.0815785004012 15.6907940923827 0 11.1075023378951 7.64679816304948 15.1553301809136 0.638081384864468 0 8.14041063013709 9.24220717031656 15.5746606005858 11.1969163834373 4.0610768755953 7.6868803863738
0.089746125 0.339796645 8.12239964706935 14.6722219838128 13.1615455486429 18.4113374311065 2.84279322473191 4.03321964839274 0 18.0526775854697 0 30.3480694915804 0 20.0144530131152 6.71433300653961 14.2791264070575 6.35898873043788 10.7585140061731 1.96588898847163 1.21877925964072
0.23656049 0.44991286 3.79970646047281 5.64256060866904 192.768339808799 10.2743126016556 29.8315991495323 6.94448543003267 1.44033918358902 2.98500938239074 0.131896935316329 3.65705553053136 31.5173889454438 4.99680136373283 6.79027206511271 2.98164504491603 101.282652285868 5.08696166555877 22.8510423184061 7.84320685133379
0.3588818 0.71271584 670.692247477655 3037.07538025303 3125.82186022324 4763.7530236175 3452.52978885303 5522.5178042138 48.2475117702879 0 9.28855839815519 0 3980.29277693371 1363.20517112988 166.911782197572 221.467464788896 271.458465101785 276.639771077706 246.632880916736 404.421003467196
0.05017447 0.36593587 244.039536970598 160.99483976865 161.09944401714 158.373741256729 52.5086193005712 196.142968377921 3.2518380826073 50.6360217641444 4.03288284167229 41.225126940881 1.2453663644094 1.15468189603618 79.6458356670761 88.537974396018 22.129283774892 62.0210120869347 42.3876507590374 50.7470157111652
0.014026385 0.244813605 82.8512539497901 54.1164594992965 156.088299494502 48.6846354078297 46.0650858977616 70.7342451730874 0.451703952078434 21.1348168387909 8.9313165948787 17.167231808584 1.81744152218457 0.581191866618876 75.8803487726898 58.8776581671235 63.9733138437201 61.5028738066503 25.4446890654001 61.3101319751289
0.08283403 0.40539841 10.7476953577499 9.30076044334483 22.9681072896194 9.68267449223964 50.9582474000256 23.6271778400994 11.0820383395316 2.55871012858334 2.12967137727935 3.91931123046341 42.874935981251 9.35962958251882 9.19697389817191 10.1895086727378 14.7498897540172 12.6493427232442 10.5323750569114 15.4016171764847
0.03126703 0.25388206 63.0848682972368 58.2773546041218 62.4295850817598 53.925861038148 64.8313828102096 123.710894643505 11.7946835427004 76.6336152942592 65.8202316298151 83.9426696553784 44.4132638822564 66.6286275241222 31.2049481072522 30.4929979766978 22.143499941339 34.5205437022499 34.513314941574 45.4462400867958
0.035143515 0.352251775 46.1321659681002 88.4490029961417 270.612249049729 108.759562427026 67.1279461451744 61.8512015327347 0 15.8390005818568 8.97034431906376 17.099976422878 0 0 21.6060260028744 29.8221382593574 102.72060231085 39.0923417124354 32.986156030681 31.1511742744053
0.0948232 0.42909516 26.1476758169833 19.1789877635328 33.4913985175677 18.4604642241615 36.244271352479 16.6833636659869 1.21808261392319 7.74237350596228 3.74820493608581 9.40255081861223 10.0730350842636 2.70598251483096 6.42639932696922 7.64396904060987 13.3062641657053 6.44055340697805 42.5843075757645 32.9329828650859
0.104433565 0.361742965 5.41306661305719 6.59174143406419 18.7490008211681 6.07572983415922 16.738274148976 4.48217301728223 55.1920484962828 172.59898760132 17.7498726548221 368.84934682502 20.2154017815127 42.8937669191032 8.47596374766718 8.93944576396192 16.8862791520228 11.7820741771589 3.96625426778409 5.4664436407423
0.481865385 0.607630735 119.211886195594 63.2982186790551 8.12181610745047 32.5903738904376 38.3883289161662 77.7360067534522 0.151697345446603 2.1944091685192 0 2.42628425182446 33.4135533778768 3.09402772119479 182.022825879717 74.1367438887951 3.3881302468555 66.6319588964298 26.1416658056293 48.6717614699779
0.303242755 0.692524995 6.60053789047 10.4559518479153 7.36962410464284 8.57419486664641 1.31754024195535 1.20759916436512 0 46.499431085912 8.50507488646429 20.4789964480198 0.811474156156872 0 2.58195661698853 21.5555659612753 2.32282562977297 19.7097189476889 1.76994426320754 1.8067994517403
0.25284282 0.3713875 66.5669990260686 56.2120494272609 81.3170443145942 52.8156648006364 72.9148845729202 35.7476981969973 0.0635633604204826 0.126396608753218 0.0679540675306468 0 21.7120056789353 1.56174888298984 53.4290511985907 41.7819604772329 97.6278545531402 46.7444366543286 5.85009807106263 13.5488356412369
0.32764343 0.5298823 5.90187288810113 11.1740595326313 1.28137719112526 14.7364503594401 47.9877405607803 3217.94721684776 6.3466790830016 8.00919635413778 1.04420634055201 10.2781518061873 41.0754752643748 3138.31403089785 9.47294232628808 1.94714454922862 0.255220877270365 3.6291786856075 49.8905698226657 1457.4731714529
0.265114825 0.478339345 31.6177720396237 32.0456064989777 84.3633842794381 35.9687534022156 19.4013330519008 21.7636185102365 0.212651750241389 0.0686365732762254 0.415756982928577 0.17047598401329 34.0932429874439 3.14743523666357 5.94236546118001 5.94265678474048 18.6476566281288 5.76585960531431 8.33776042541716 6.81353231793592
0.006034605 0.467964275 5.77167446014438 17.0006061505017 0.480059619227794 18.8647733486774 0.115805892648502 0.225370747795912 3.17798107398041 5.86755992725339 0.705602894537727 6.75037816159996 0.0927034256707704 0 0.669358908895652 8.94885936614853 0 12.2133022790664 1.42198130586909 1.11526203360439
0.264626485 0.414023555 293.324071885057 194.281046710192 409.145108397391 134.833457082545 37.1368425103185 104.063931533662 0.0669164278279755 0 0.165257560819561 0.127597642841783 58.4624636911315 15.3357224665291 153.794127066194 97.7948755025782 146.002022485775 105.412039058522 16.3796404783547 52.3302205808049
0.014525535 0.259790555 8.17544176423048 24.4266158597163 7.7225795108954 27.3816946881869 1.22081709347628 2.12853802517258 1.88315792907401 5.55697466825294 2.25454355180152 6.11440757240468 0.14446062101862 0.360466456887217 4.51708226236023 13.307456071144 2.81549933735069 14.6604596021759 0.415396964911809 3.43476356840592
0.298889365 0.400080335 34.8113749509236 19.0223171004845 187.281665514325 18.9285722983852 64.949024050707 47.502188759811 0.536634931158753 0 0.912056565077177 0.0475828262746013 83.1085668592436 18.4324433945067 23.3308021065515 13.0633095564839 121.052752465399 13.5095927892751 142.033252015503 60.5646417033469
0.08792212 0.26634267 29.3999242575913 37.4405882949779 12.7374802675203 35.6399882522543 30.9614638973627 18.7278047394188 1.0187688186549 14.1604359572208 0 25.0293092163477 0.979075765445179 2.11244132196697 10.9549575270523 14.403145878803 4.58447149173832 14.2431896086882 6.36480800961101 11.7887418072877
0.315110475 0.832680345 0.917870104504547 0.877652958720615 91.6286645459868 1.22966689628561 29.0291306366326 6.0024067408874 0 2.27981271269329 0 0 94.0174487171762 42.1254663828997 23.6826684072651 1.35819873073538 191.182083082988 1.3165285406792 5.21754816365676 0.827693123613657
0.152502315 0.505962715 7.02462881521195 9.77506594817081 74.1913415295943 8.28926373919756 13.4774853489608 9.55002164317556 0.294301318520361 0.604420909316336 0.339613044494238 0.92079880502948 17.5837213799872 1.88254406337402 15.1045656435165 5.74606902361148 86.9623969766162 6.04991382335936 39.5788562055916 18.9326269875066
0.214735085 0.507962535 22.8278748135752 24.9718315677008 34.9395761205738 33.6349418959283 47.9743460588857 29.4419008248138 2.84698058202776 2.2447838830913 0 1.186963214091 56.9687524309551 21.7291876073026 8.59113444952895 3.01486871692797 20.7768794343898 6.5365319657391 40.673842153657 22.8007385986129
0.177264095 0.413505275 92.3125366857136 35.1203978244769 3.07234052790793 18.0707465418265 7.86192514035358 3.55035057277743 0.410728243555743 0.0330398959692234 0.61279479454901 0.0315838002577405 73.7653605748418 19.7343529069305 25.5618053321444 33.8997498747481 10.8819123179565 40.5684539983448 9.8019812967414 133.051046596228
0.340178435 0.529187005 18.5727490434885 31.6169756782584 17.065287408366 36.7941521892933 15.7618684987906 14.1681027299526 0 4.56310109328897 6.08906424144522 3.73341556109013 0 0 13.8204292738073 31.7181530486258 12.3680115161806 35.8435145212095 1.65135434824705 8.43110110595074
0.01475961 0.12982813 62.6652764597236 103.551393285582 12.1705841919046 107.976338887261 11.2595590286674 10.1526768299714 20.9435658487358 84.6830243590447 30.8877681105035 84.6779752539852 10.3443556117377 4.04131594472267 33.0316161797285 203.808754254165 3.87509715456595 218.329535603706 1.60602367819674 13.5203739579109
0.13249082 0.29664169 233.86599414905 120.607348788216 107.639038497645 50.5302066762941 14.2183088024258 27.3097454216471 0 44.2488671186333 0 82.504014699839 3.42751746708314 2.28065889972672 90.2831287114585 70.1831368936813 49.3714634134987 80.1528283485752 10.0481645770085 17.4762300873359
0.06102284 0.44979572 3.5085880123764 16.0912250744332 7.40641968978979 20.6256769315002 3.03882275822398 0.314370896252403 1.44733521416184 15.8939173319318 0 22.9553181520309 0.423225717023922 0 0.474535245679683 2.07221853269388 0 1.61130847209049 18.8150639779905 2.48182629975007
0.292882105 0.380666505 1.61584678211545 0.0200679270053957 2.18343510836809 0 752.483753508879 96.1803644180235 0.295352318253269 0.0664428328130177 0.0780316594683767 0.127767921237101 66.4698320217512 21.1156280781421 9.42015898701082 0.167243867193673 0.0307707356864926 0.796268436891823 1733.97274101549 299.309918209565
0.09498301 0.44535148 83.7974212414895 55.8663234826687 20.382416501158 42.1330867541756 26.7041830579126 65.5959217345808 80.5812775369753 1.12831216423509 13.6922615511986 1.13801718206942 1.58465352657974 0.455001799879199 26.3045084258758 4.14647207526559 6.08077829697365 12.6616180197604 10.8979245794843 3.98113312771221
0.052776775 0.375337255 25.943980595892 30.3465078680112 44.9256274528885 33.6143046489837 22.9602530419486 19.879199618374 0 0 1.3941561152036 0.354488956211938 0 0.182366278886309 30.6350823096068 12.7015145355946 22.9014556713763 14.0373116480444 14.7950599648199 12.6723653616177
0.039880065 0.270682805 8.03516823958268 15.403876278924 24.0467138980401 19.2848175962964 19.5082142332609 2.11582947265249 2.78265691044188 21.8950683245611 12.7255157079824 21.2169996866053 6.67622560650911 2.99992598833719 3.65292106083681 8.31724734399634 12.8456067195299 9.94908667124962 8.57326324602819 2.76881352553203
0.134999555 0.583127255 7.68369378381322 8.04462759687893 29.0149712806057 7.27471991123907 165.91766349801 31.1734210024005 0 0 0 0 30.3330491893172 2.50715337307656 31.922162506582 11.5559379910996 85.4765836987846 12.1107021767427 149.921477199754 99.5525545226206
0.29533086 0.77540507 39.1639002132805 92.1170256648588 122.634083702056 133.316298448131 664.015301685591 159.410034655049 0.925579822455913 0.192171167197408 0 0.331256728368107 21.6834528543951 6.97746742438791 0.191226133586785 1.88060709569723 0.76854844277016 1.03530584400556 28.1029309349603 10.6301297341207
0.05386809 0.54227159 17.3694916083753 16.4011161491834 36.1321871923062 16.7098033619335 185.327264584679 62.9724905560905 0 16.6350874024062 5.70810616081732 18.6232038186011 4.90003970175608 1.24989828887769 9.37535323029336 3.80477249295497 17.514494446461 6.81842874434181 9.9794483517295 11.2203474630079
0.01263857 0.14284328 3257.19214235814 3116.99079683118 3902.26227344786 2713.29081752111 1339.83461908491 1895.04413777191 0.637934562340985 549.88990960335 14.0443120013007 355.212052842968 5.17152815801102 8.88558301650836 1153.27167820924 1353.41037694155 1462.75764500205 987.740741275464 220.661445594672 997.878102010645
0.36587651 0.59985521 1.18671379128059 1.60768437403576 2.72632994283761 1.68619142003944 312.144011905734 46.2561571907793 0.162034182910825 0.451927254217346 0.289128417555889 0.328755532162095 15.3572557245961 0.672708042192932 0.848574892766668 0.850787821914816 0.464805442133858 1.44826655856643 54.7471391276868 21.7196285952437
0.315356825 0.542951325 11.0726344180345 8.60390821270557 28.8814985348823 10.4110147156367 5.63417409828411 7.63562174663447 0.098633866626875 0.280215386363765 0.228803832052724 0.238045016905057 83.4435577414057 18.7342133145576 8.16755889911242 6.03362555415836 19.989829622685 5.76127828219198 19.4875068590588 8.94656715003848
0.0013864 0.32850058 27.3202748423621 107.251641504223 19.4641841039158 156.433474751974 28.2573425322651 46.9232999005387 91.5340496222775 92.2503297623826 62.8135816725708 116.253300997377 136.524151469983 120.507263608581 20.3404748459387 62.5277074727946 13.2133605551141 67.6961550544434 227.688186001737 63.7347924546987
0.32607984 0.41134478 18.097094717792 14.5844581201393 18.968834174445 17.319927368584 3.64570505369369 17.1206640542661 11.7443156068042 12.9335280019868 16.3561495971437 13.7035739952801 15.8462076996184 15.151646375625 15.7643291484277 19.2399463803565 26.0829412783546 20.1285097290748 24.2279308522736 19.3588075787539
0.311099625 0.405180545 22.4609301442994 34.4537281732553 8.64983342534547 37.141427806451 4.35903979799723 2.23434786762611 2.8711079468922 9.89650107149425 0.135366654917988 15.5812717924967 1.44862932162548 0 26.5732871628156 14.7508907299938 12.381389425109 12.0476401723736 0.773632745237171 5.5205995173069
0.05488761 0.32741464 38.8296629439598 47.4822626742401 160.913938406368 46.2542874988245 84.8535577445915 52.7200451300571 0.2574276367217 1.30375938016452 1.52014539159057 1.72549605003767 61.5149888632332 16.7320273266915 16.556854848157 8.10461953013386 125.232128976277 8.7146315063633 9.08549371619671 8.93793901244754
0.105671235 0.648384505 0 0.292112737275105 0 0.429738498429871 27.8409712383735 11.2090712168593 0 1.87089692018591 0 3.45386536044099 395.058037774537 251.304778510835 22.9288637193846 1.2979923333559 0.623637071548778 0.79865176582778 255.270209975384 3273.96943530286
0.0317472 0.27335519 47.4911981085422 59.2263250458243 30.0485230816028 56.8974365075367 42.2281765780183 40.2819321831345 1.00837447577871 16.0868862649836 4.48564743785012 14.0092954847003 1.62797261409476 1.68606389259986 26.2399727569205 26.2085763482816 16.9544052727582 28.138805164529 16.8626342785421 14.7290497517211
0.152059785 0.432530055 294.938483600049 181.95284817673 12.9985059102436 174.722408603637 30.6575610026358 72.6227009351585 17.3518162129561 32.6664339831386 3.32830273462593 42.8041751189594 1.81195106645415 2.33744024178511 91.4638600660998 82.0430621654766 8.29073101756451 115.735042972335 3.5878174620706 32.078002677623
0.06659646 0.23000255 18.2513589705147 26.3500744547146 26.6699656920489 27.484964325046 25.7577212529279 7.68323591173497 0 0.202862815791055 0.259143547088933 0.382905635849853 17.1240782303965 1.63997312315938 23.4305885366319 42.3564520791305 16.9424296047081 45.5084993374388 13.0990562000474 16.0289077532811
0.1908619 0.29524799 84.2274178982278 106.698506750295 136.420305213046 144.327581623675 285.828176094564 190.119376675467 7.28822232970012 3.04059476673556 8.69770925788039 5.12525644600868 76.5822682473141 37.6620442186534 3.01713319459169 4.32012940252786 10.7322488832746 4.95122058808141 12.8110469674669 8.22992010423475
0.153282085 0.631934555 6.80870189821325 8.04064954737669 21.0509559623422 12.5694022771404 22.8495997652636 6.77673077139016 0.0637480629602429 0.943838489289734 0.205804534846086 2.0210780237487 21.0588396538558 1.40072543830979 3.27678574011666 1.95636621709442 30.5334623828676 2.395953481988 7.99071415150596 1.73866308501254
0.024112045 0.267512805 28.2309770125067 32.8868717412744 35.9729772942856 37.7048611106726 13.5708458370564 30.0841981295522 1.85207605412298 25.2516625732849 5.68651426387034 34.6137756293165 4.07898057035131 6.36362021071171 11.8472739537513 9.28362395613826 11.6275077311621 9.078824205927 1.66322276795967 14.1620257458247
0.24595993 0.41889182 179.233954460297 139.714564370773 109.265331096068 119.652386893343 23.1215187365438 165.913109040257 3.36328687874677 0.254090665317278 1.09304720437309 0.0663094567547541 235.132443930215 63.7431638589295 153.410547865992 159.873306858666 167.35854857592 182.370496913818 58.7326920297578 68.5039556592256
0.19979047 0.41887085 235.950766405 167.878558654414 566.677151120886 200.04500220319 491.593793118536 342.988023303053 0.54856863367049 0.118890145520913 0.301828051863628 2.49188581137662 48.7422426645395 12.523218859452 137.393720875152 48.2166021286042 212.454608356097 54.4795773751976 96.7285207752165 81.3721397703604
0.219194795 0.294181535 26.7642335184536 43.9010262928678 1.32694937973976 63.8914604644587 2.17131888526316 3.1998728695006 4.63039026530367 85.1559215171468 0 133.079180543197 0.958015286153708 0.259546621495974 23.6393096815489 23.8394598559781 1.05477898319039 26.9843358341339 0.265590976910446 1.11933561902066
0.08421722 0.31067112 16.8969974712813 17.3195256443291 43.8875194408304 18.2530928158768 27.3701636890545 31.7384620017311 0 5.19973892898449 0 1.70942592848561 0 0 11.4597575730096 11.7835548145307 28.5691006526021 9.58632253388464 23.9984633498538 11.448928313165
0.308797565 0.401462505 332.900914653598 3700.76536972352 582.549255698558 5941.67252963407 544.846061202134 505.937355769317 19.2560749723006 440.488007973663 97.2785485195542 995.850878163172 36.2940149734173 12.4587347542515 403.028850949712 2655.30983830977 454.780340847857 3859.73001581109 154.626700171758 224.808427371152
0.28285097 0.40469698 175.063603918503 108.370692018018 255.676387262226 77.5823794861742 61.7779735213784 268.843622967105 9.29102674736483 5.87425148750462 9.43110003057202 11.4306499614144 107.017919801616 27.0279105953607 202.706027353334 349.267330645379 249.179372094972 270.013683126884 47.5745666534359 215.238603182237
0.166313325 0.241486955 371.264691715176 556.332100029951 6.93887291301727 761.546274876291 550.370361163013 336.633339011097 536.170124556686 625.204485965625 20.7068437308373 726.304408127827 77.0498051977802 131.472788258373 213.869079296283 259.738941117843 33.4680323221665 227.548940101436 136.06232236204 426.540181141833
0.128451355 0.405061355 16.947845311925 20.7878401994701 60.8544109482716 27.6545662582115 62.4745580157093 24.8760619642365 0.061474561955938 0 0.400921509578345 0 38.1380966995474 8.24727086055066 4.88497568331435 3.19329750520771 9.74594785488857 5.81876746751816 27.0395081101437 8.99092008050162
0.021841925 0.275158785 100.636366443419 67.6611267383395 27.2007295212408 85.5753732851622 23.986926360149 34.6060814123735 0.573596790951489 15.6041676702652 2.83914460916856 22.0942491359665 0.169858952563946 0 28.9542642739337 30.0312587697505 25.8288062621587 32.6197104855788 10.0432033544822 19.6290018555663
0.11720771 0.41085386 49.9882169042563 0 2802.75195522765 0.278583300954904 1.60799841457397 16.3459302253968 0 0 8.79947344688139 0 0 0.689114113555812 77.0993530625384 1.14076761937149 118.739986050906 0 0 0
0.005183375 0.492943105 0.12344813301435 0.131301895929138 0.0344222062397958 0.242194049855084 40.4154674455355 3.31005107805148 0.0945830669449261 0.341776995231874 0 0.595326804780518 23.1944798041335 2.23616839679638 0.168914438480152 0 0 0.0819048359794705 17.2130246362801 5.62049172284566
0.038572345 0.401872175 19.1038481283344 1.7168951100085 2655.56537796244 1.76113405733614 3.78037504309403 20.555534343357 0.798300616933145 2.77975337498149 8.15029166619365 4.40450287025743 0.39774683630616 0 149.556504025867 7.66983770318415 3248.9218165019 0.129639040918078 7.25658267782119 0.831200787679832
0.00448819 0.29842641 8.23318473742863 6.9071171677981 32.0650130312857 5.80643355398605 22.1142446536074 8.71816312214929 0.877961899399218 3.22517490160738 10.0215383455737 3.38005289681526 3.01773752490365 1.05744475794336 4.61854023711632 2.67914578147732 14.367600462277 2.56350927853756 21.1447255047769 6.03713501697128
